0.puzzle 380 7 0 0 0 0 32
1.puzzle 365 13 2 0 7 0 81
10.puzzle 365 16 2 7 6 0 81
11.puzzle 374 12 0 0 0 0 0
12.puzzle 396 11 1 4 0 0 81
13.puzzle 388 10 0 0 0 0 54
14.puzzle 388 13 4 0 0 0 81
15.puzzle 360 0 0 0 0 0 45
16.puzzle 360 0 0 0 0 0 0
17.puzzle 359 17 8 4 2 0 52
18.puzzle 385 2 0 0 0 0 81
19.puzzle 339 16 1 1 9 0 81
2.puzzle 383 10 2 6 1 0 81
20.puzzle 368 8 10 0 8 0 51
21.puzzle 398 14 8 3 3 0 81
22.puzzle 415 4 0 0 0 0 53
23.puzzle 374 12 8 9 11 0 81
24.puzzle 332 11 9 12 26 1 53
25.puzzle 418 10 2 3 2 0 81
26.puzzle 387 9 6 0 12 0 27
27.puzzle 360 14 7 8 4 0 81
28.puzzle 382 11 4 0 4 0 54
29.puzzle 398 10 6 0 6 0 81
3.puzzle 397 5 0 0 0 0 51
30.puzzle 386 13 6 2 5 0 25
31.puzzle 397 9 5 0 0 0 81
32.puzzle 363 8 5 1 9 0 81
33.puzzle 365 13 0 0 3 0 0
34.puzzle 402 2 0 0 0 0 51
35.puzzle 370 9 3 1 3 0 81
36.puzzle 372 9 0 0 0 0 32
37.puzzle 406 1 0 0 0 0 30
38.puzzle 389 5 7 0 4 0 30
39.puzzle 380 6 0 0 0 0 32
4.puzzle 360 0 0 0 0 0 0
40.puzzle 377 11 5 5 6 0 81
41.puzzle 415 14 2 10 2 1 55
42.puzzle 387 7 4 0 6 0 81
43.puzzle 384 15 10 11 0 0 0
44.puzzle 354 15 20 9 6 0 55
45.puzzle 377 13 5 7 6 0 81
46.puzzle 383 13 12 6 0 0 81
47.puzzle 382 17 0 4 11 0 25
48.puzzle 387 13 0 7 17 0 81
49.puzzle 379 14 18 7 6 0 81
5.puzzle 357 14 11 8 15 0 24
6.puzzle 385 10 1 0 6 0 0
7.puzzle 360 0 0 0 0 0 45
8.puzzle 377 11 5 5 6 0 81
9.puzzle 381 5 8 6 0 0 28
