1.txt 385 10 13 12 1 4 64
10.txt 4691 520 469 581 476 96 64
11.txt 333 23 23 14 15 4 64
12.txt 1908 173 195 106 96 52 56
13.txt 2720 171 134 105 60 57 60
14.txt 1117 104 140 74 32 23 64
15.txt 938 86 109 52 37 18 64
16.txt 364 20 24 11 11 4 64
17.txt 438 23 17 20 6 4 59
18.txt 362 20 18 23 8 0 64
19.txt 393 12 20 18 5 4 58
2.txt 1243 150 189 147 160 28 64
20.txt 1268 138 66 35 46 20 56
21.txt 747 72 45 84 82 7 64
22.txt 375 11 29 9 19 3 57
23.txt 386 26 29 11 15 5 64
24.txt 958 138 143 92 120 28 58
25.txt 673 56 30 34 13 25 58
26.txt 1292 170 99 98 116 29 64
27.txt 439 22 12 20 4 8 64
28.txt 2310 303 227 157 154 40 64
29.txt 453 22 7 6 4 4 59
3.txt 383 10 14 12 1 4 64
30.txt 701 77 50 49 34 13 64
31.txt 1180 81 78 74 51 17 60
32.txt 615 52 49 18 26 9 57
33.txt 359 10 12 2 12 3 57
34.txt 403 31 22 42 14 3 64
35.txt 944 78 51 13 28 9 59
36.txt 361 20 17 13 1 4 64
37.txt 1653 197 153 135 108 36 64
38.txt 493 24 42 9 12 7 60
39.txt 484 32 19 15 20 3 59
4.txt 943 64 43 84 11 7 64
40.txt 552 26 46 24 21 7 57
41.txt 2421 260 236 171 224 58 64
42.txt 922 74 57 40 58 13 64
43.txt 1195 95 110 75 64 19 57
44.txt 1494 97 80 69 68 25 58
45.txt 836 66 53 35 21 14 58
46.txt 2962 322 294 180 118 48 64
47.txt 700 53 49 26 22 15 60
48.txt 435 17 7 29 11 3 59
49.txt 376 20 21 31 0 2 64
5.txt 3231 367 297 323 327 60 64
50.txt 1478 197 203 162 129 37 64
51.txt 490 34 23 10 20 7 57
52.txt 372 14 3 18 10 8 59
53.txt 355 5 17 22 8 1 55
54.txt 784 41 18 33 9 11 56
55.txt 898 48 34 18 12 17 58
56.txt 1284 83 71 60 23 20 56
57.txt 771 50 46 33 25 15 59
58.txt 382 15 3 0 4 7 58
59.txt 1040 91 50 39 37 15 58
6.txt 378 18 17 20 4 0 64
60.txt 590 45 43 18 39 7 58
61.txt 1164 102 117 63 100 19 58
62.txt 1661 239 156 135 112 38 64
63.txt 498 24 16 20 15 4 58
64.txt 1434 118 51 30 39 21 59
65.txt 372 8 15 9 2 4 60
66.txt 1523 125 137 34 69 36 60
67.txt 886 72 58 47 30 13 64
68.txt 368 18 14 6 13 2 64
69.txt 1704 130 66 71 59 25 59
7.txt 1662 223 157 73 89 33 64
70.txt 802 62 57 64 58 14 58
71.txt 608 53 58 46 19 8 64
72.txt 455 21 22 6 9 6 57
73.txt 960 54 51 52 57 12 64
74.txt 547 47 29 20 9 5 62
75.txt 1026 106 36 51 19 18 56
76.txt 657 42 23 23 11 7 62
77.txt 688 46 38 21 19 7 58
78.txt 348 12 6 10 9 2 56
79.txt 927 84 64 79 62 15 64
8.txt 3957 501 432 315 255 87 64
80.txt 403 14 28 14 10 2 60
81.txt 389 19 27 15 4 1 57
82.txt 749 66 64 38 32 14 56
83.txt 1020 98 51 63 81 19 64
84.txt 355 21 22 10 5 3 64
85.txt 565 36 39 12 26 8 58
86.txt 372 10 2 7 0 4 57
87.txt 1473 142 95 75 49 40 58
88.txt 423 21 14 11 4 6 57
89.txt 1348 105 118 81 80 25 58
9.txt 1312 178 141 96 97 28 64
90.txt 401 19 21 14 10 3 57
91.txt 418 15 56 22 21 4 58
92.txt 413 22 18 9 2 5 58
93.txt 762 58 26 35 22 8 59
94.txt 1138 118 78 63 50 18 58
95.txt 427 29 18 39 26 2 64
